  0.16281670501336165       0.19756632351470205     
  0.32563341002672330       0.28501931138889847     
  0.48845011504008495       0.35307633184028941     
  0.65126682005344660       0.37683983218339367     
  0.81408352506680826       0.38397328599582070     
  0.97690023008016991       0.40635821698784003     
   1.1397169350935314       0.44475826958225539     
   1.3025336401068932       0.48393274956574972     
   1.4653503451202550       0.52042128713229241     
   1.6281670501336167       0.56154116209718352     
   1.7909837551469785       0.60796023835459156     
   1.9538004601603403       0.65166149189876665     
   2.1166171651737020       0.68809452910789770     
   2.2794338701870638       0.71988259074061434     
   2.4422505752004255       0.74891002716395372     
   2.6050672802137873       0.77263772764548100     
   2.7678839852271491       0.78930797955111720     
   2.9307006902405108       0.80111056116291779     
   3.0935173952538726       0.81063814441059046     
   3.2563341002672344       0.81816254193650240     
   3.4191508052805961       0.82375844918916108     
   3.5819675102939579       0.82900171276641044     
   3.7447842153073196       0.83516141492209894     
   3.9076009203206814       0.84193451706820921     
   4.0704176253340432       0.84909166255345958     
   4.2332343303474049       0.85765664713646050     
   4.3960510353607667       0.86858085731248946     
   4.5588677403741285       0.88165512325333251     
   4.7216844453874902       0.89641813009979587     
   4.8845011504008520       0.91294334171257541     
   5.0473178554142137       0.93118741244112213     
   5.2101345604275755       0.95061530344913647     
   5.3729512654409373       0.97089820636030488     
   5.5357679704542990       0.99203528610792746     
   5.6985846754676608        1.0134706939767921     
   5.8614013804810225        1.0340086308082115     
   6.0242180854943843        1.0528765287370692     
   6.1870347905077461        1.0700024353379716     
   6.3498514955211078        1.0850344204277431     
   6.5126682005344696        1.0970110386860918     
   6.6754849055478314        1.1052975689223796     
   6.8383016105611931        1.1100147906693485     
   7.0011183155745549        1.1112696660880987     
   7.1639350205879166        1.1087993362105002     
   7.3267517256012784        1.1027132541020415     
   7.4895684306146402        1.0938110026587371     
   7.6523851356280019        1.0827795940471441     
   7.8152018406413637        1.0697509631008242     
   7.9780185456547255        1.0550083469037643     
   8.1408352506680863        1.0394614460787468     
   8.3036519556814472        1.0239976134807063     
   8.4664686606948081        1.0089147538963517     
   8.6292853657081690       0.99437349676267506     
   8.7921020707215298       0.98086775607265486     
   8.9549187757348907       0.96883309783423965     
   9.1177354807482516       0.95826087804204774     
   9.2805521857616124       0.94911438826616856     
   9.4433688907749733       0.94172315724761946     
   9.6061855957883342       0.93638203885362870     
   9.7690023008016951       0.93293975032544807     
   9.9318190058150559       0.93116705111072673     
   10.094635710828417       0.93118648221735756     
   10.257452415841778       0.93315549897257677     
   10.420269120855139       0.93683932038115403     
   10.583085825868499       0.94189152303347656     
   10.745902530881860       0.94829078372061282     
   10.908719235895221       0.95610419279983005     
   11.071535940908582       0.96503023610443772     
   11.234352645921943       0.97456037222276426     
   11.397169350935304       0.98443744154095769     
   11.559986055948665       0.99460299030587818     
   11.722802760962026        1.0048143075895211     
   11.885619465975386        1.0146456869803111     
   12.048436170988747        1.0237916150075406     
   12.211252876002108        1.0320829485825593     
   12.374069581015469        1.0392656075262261     
   12.536886286028830        1.0450242912465295     
   12.699702991042191        1.0491960380783520     
   12.862519696055552        1.0517614155929857     
   13.025336401068913        1.0526768511306284     
   13.188153106082273        1.0519032499087979     
   13.350969811095634        1.0495497350536045     
   13.513786516108995        1.0458172431225805     
   13.676603221122356        1.0408471052188850     
   13.839419926135717        1.0347755809132462     
   14.002236631149078        1.0278781341230179     
   14.165053336162439        1.0205026206871444     
   14.327870041175800        1.0128957312161964     
   14.490686746189160        1.0052179513892454     
   14.653503451202521       0.99767514903827814     
   14.816320156215882       0.99050823538858845     
   14.979136861229243       0.98389431701204944     
   15.141953566242604       0.97796324143073510     
   15.304770271255965       0.97286266655280329     
   15.467586976269326       0.96871157356985560     
   15.630403681282687       0.96554300670390292     
   15.793220386296047       0.96337550047178255     
   15.956037091309408       0.96227546135733510     
   16.118853796322771       0.96227097781457216     
   16.281670501336134       0.96328286901271853     
   16.444487206349496       0.96522228671968491     
   16.607303911362859       0.96806915726784004     
   16.770120616376222       0.97176784916094527     
   16.932937321389584       0.97614174063742032     
   17.095754026402947       0.98101199605510403     
   17.258570731416309       0.98630928618808267     
   17.421387436429672       0.99196189277176117     
   17.584204141443035       0.99776485145115279     
   17.747020846456397        1.0034768285167981     
   17.909837551469760        1.0089632709792635     
   18.072654256483123        1.0141243976707324     
   18.235470961496485        1.0187673274796709     
   18.398287666509848        1.0226904800504475     
   18.561104371523211        1.0258339023991863     
   18.723921076536573        1.0282096729356229     
   18.886737781549936        1.0297360616157716     
   19.049554486563299        1.0302838582562093     
   19.212371191576661        1.0298560503905307     
   19.375187896590024        1.0285858295144699     
   19.538004601603387        1.0265719088690346     
   19.700821306616749        1.0238393693780636     
   19.863638011630112        1.0204561394599700     
   20.026454716643475        1.0165722951803604     
   20.189271421656837        1.0123375738215221     
   20.352088126670200        1.0078730673411114     
   20.514904831683562        1.0033224481018241     
   20.677721536696925       0.99884111836426570     
   20.840538241710288       0.99453274022480986     
   21.003354946723650       0.99047254968846254     
   21.166171651737013       0.98678323773074861     
   21.328988356750376       0.98360614060992113     
   21.491805061763738       0.98100421685598926     
   21.654621766777101       0.97897311697756217     
   21.817438471790464       0.97754155944812016     
   21.980255176803826       0.97677871662290250     
   22.143071881817189       0.97670178369411353     
   22.305888586830552       0.97725533482680660     
   22.468705291843914       0.97839047065479123     
   22.631521996857277       0.98009413149780877     
   22.794338701870640       0.98232961862371160     
   22.957155406884002       0.98501119947600924     
   23.119972111897365       0.98805002581337364     
   23.282788816910728       0.99137211666195502     
   23.445605521924090       0.99488320042208411     
   23.608422226937453       0.99846584097769830     
   23.771238931950815        1.0020196190810358     
   23.934055636964178        1.0054633375692932     
   24.096872341977541        1.0086989200846093     
   24.259689046990903        1.0116174803802020     
   24.422505752004266        1.0141411206203712     
   24.585322457017629        1.0162191879867901     
   24.748139162030991        1.0177899702505768     
   24.910955867044354        1.0187915130982943     
   25.073772572057717        1.0192089257659322     
   25.236589277071079        1.0190701955784824     
   25.399405982084442        1.0183977719859920     
   25.562222687097805        1.0172031447915122     
   25.725039392111167        1.0155260835731172     
   25.887856097124530        1.0134416260324399     
   26.050672802137893        1.0110291354675869     
   26.213489507151255        1.0083637225120905     
   26.376306212164618        1.0055295602435066     
   26.539122917177981        1.0026114976552878     
   26.701939622191343       0.99968384240327668     
   26.864756327204706       0.99683192493942596     
   27.027573032218069       0.99416101253550260     
   27.190389737231431       0.99174960835685388     
   27.353206442244794       0.98961904578143289     
   27.516023147258156       0.98778848016995713     
   27.678839852271519       0.98633085965098044     
   27.841656557284882       0.98532356079530103     
   28.004473262298244       0.98476714026443757     
   28.167289967311607       0.98461060429993708     
   28.330106672324970       0.98484163962483917     
   28.492923377338332       0.98549168106271823     
   28.655740082351695       0.98655899945314152     
   28.818556787365058       0.98798618489230627     
   28.981373492378420       0.98971355932454164     
   29.144190197391783       0.99169904037419232     
   29.307006902405146       0.99388164058894157     
   29.469823607418508       0.99617970613086304     
   29.632640312431871       0.99853569936534303     
   29.795457017445234        1.0009164243921849     
   29.958273722458596        1.0032598909710442     
   30.121090427471959        1.0054664757338205     
   30.283907132485322        1.0074541549076599     
   30.446723837498684        1.0091839866120105     
   30.609540542512047        1.0106241517259578     
   30.772357247525409        1.0117309318175511     
   30.935173952538772        1.0124774672510908     
   31.097990657552135        1.0128640405661371     
   31.260807362565497        1.0128876737417363     
   31.423624067578860        1.0125355596185539     
   31.586440772592223        1.0118195871349218     
   31.749257477605585        1.0107849634469162     
   31.912074182618948        1.0094745909175051     
   32.074890887632307        1.0079164866587307     
   32.237707592645670        1.0061555759383414     
   32.400524297659032        1.0042646478700292     
   32.563341002672395        1.0023101554545273     
   32.726157707685758        1.0003344744301410     
   32.888974412699120       0.99838210604424638     
   33.051791117712483       0.99651513849121331     
   33.214607822725846       0.99479083155128012     
   33.377424527739208       0.99324819305946044     
   33.540241232752571       0.99192484133202496     
   33.703057937765934       0.99086080731865178     
   33.865874642779296       0.99007629635618699     
   34.028691347792659       0.98957062610258284     
   34.191508052806022       0.98935134794444557     
   34.354324757819384       0.98943868612127028     
   34.517141462832747       0.98983222142493288     
   34.679958167846110       0.99049860183949368     
   34.842774872859472       0.99140189661595712     
   35.005591577872835       0.99252192021594587     
